Estados Unidos	297084	356561
España	234012	342001
km²	221145	263386
especie	167588	240173
municipio	165847	316340
Madrid	165592	175751
México	161713	230195
Argentina	144319	175255
2010	130881	309883
Francia	124358	173959
Chile	117076	148182
familia	113845	403744
2000	110777	175076
Buenos Aires	104194	114670
estadounidense	103741	207160
2007	98174	194395
Barcelona	96362	104027
2006	95078	178642
Nueva York	94366	96314
2008	92837	206265
género	91942	181073
Alemania	90527	130561
París	90299	98496
2011	89840	229337
inglés	87825	158765
2009	86545	202047
Perú	85023	100211
español	84487	206144
2005	79861	154487
2012	77724	215140
Brasil	76618	89938
Londres	76512	84488
Colombia	76443	89293
Italia	75889	108260
Venezuela	73799	74111
California	73707	76477
2001	72987	114370
2013	71556	201052
2014	70135	203709
2004	69601	135132
2015	67444	203378
Reino Unido	65956	88531
Japón	64821	91487
Europa	62671	152629
2003	60588	117479
Inglaterra	60142	89869
1997	59538	84602
China	58276	85379
1994	58216	81002
2016	57920	198698
