Estados Unidos	294695	351781
España	232539	339209
km²	220739	263713
municipio	164964	314919
Madrid	164412	173995
especie	161149	232289
México	160480	228013
Argentina	143389	173836
2010	131238	308329
Francia	123517	172259
Chile	116046	146650
familia	112982	396594
2000	110969	173262
Buenos Aires	103306	113866
estadounidense	102479	204873
2007	98352	193002
Barcelona	95653	103014
2006	95443	177188
2008	93205	205035
Nueva York	93091	94701
Alemania	89890	129252
París	89558	97459
2011	89469	227015
inglés	87878	157120
género	87871	175850
2009	86933	200640
Perú	84214	99100
español	83893	204150
2005	80035	153284
2012	77996	213284
Londres	75862	83372
Brasil	75807	88437
Colombia	75746	88098
Italia	75045	106943
Venezuela	73448	73583
California	73186	75543
2001	73114	113218
2013	71767	199204
2014	69993	201609
2004	69799	134008
2015	67182	200853
Reino Unido	65025	87126
Japón	64295	90472
Europa	62226	150913
2003	60742	116429
1997	59572	83735
Inglaterra	59289	88746
1994	58260	80210
2016	57894	196038
China	57403	83605
