Estados Unidos	235995	250656
km²	219538	246796
España	196555	265713
municipio	149504	246088
2010	133287	260529
México	129701	170096
Madrid	128218	131975
especie	122236	182267
Argentina	115926	135637
2000	109074	134911
2007	102694	158001
Francia	100454	126947
2006	98458	143054
2008	96074	165637
Chile	94961	110669
familia	94856	311456
2011	90642	170458
2009	89059	163565
estadounidense	83648	151329
Buenos Aires	83091	91145
2005	82423	124397
inglés	81941	123659
2012	77106	160946
Barcelona	74586	77718
2001	72443	88633
Nueva York	71979	63480
Alemania	70705	84370
2004	70190	106503
París	69527	69104
español	68657	155091
2013	68338	145556
género	66726	127687
Perú	65959	74775
2014	64034	138280
California	61932	55227
2003	61079	90460
Brasil	60139	66633
Londres	59917	56906
2015	59333	125696
Colombia	58184	65235
Italia	57933	77619
1997	56739	60602
Venezuela	56380	54568
1994	54985	57588
2002	54164	82423
1998	53693	66336
Europa	52312	112256
1999	50139	74692
1986	49262	45825
Japón	47759	61360
