Estados Unidos	284851	333639
España	227067	328215
km²	220944	258030
municipio	163417	308163
Madrid	159407	167766
México	158688	219192
especie	153666	222279
Argentina	139904	169100
2010	132334	300461
Francia	119845	165869
Chile	113137	141290
2000	111234	166461
familia	109902	379610
Buenos Aires	100956	111281
2007	99938	187792
estadounidense	99621	196176
2006	97004	171732
2008	94600	199271
Barcelona	93038	99628
2011	90260	219204
Nueva York	88544	88494
2009	87937	194910
Alemania	87094	123343
París	86301	93018
inglés	86114	151653
género	81863	165378
español	81124	196035
2005	80947	148535
Perú	80611	94035
2012	78953	205648
Brasil	74128	84837
2001	73648	109199
Colombia	73389	84128
Londres	73154	79263
Italia	72003	102009
2013	72001	191189
California	71841	72066
Venezuela	71490	70972
2004	70708	129731
2014	69765	192086
2015	68226	191393
Reino Unido	62352	82691
Japón	62263	86532
2003	61480	112405
Europa	60747	144515
1997	59667	80327
1994	58078	76780
2016	57847	185088
Inglaterra	57399	85055
1998	56464	87169
